1000 1176
684 223
684 314
684 993
684 381
684 9
684 757
684 267
684 947
684 948
684 459
684 224
684 66
684 768
684 429
684 492
684 271
684 264
684 124
684 621
684 874
684 62
684 339
684 472
684 354
684 353
684 440
684 461
684 188
684 502
684 372
684 883
684 941
684 414
684 523
684 67
684 420
684 135
684 433
684 116
684 72
684 654
684 240
684 331
684 497
684 856
684 208
684 193
684 357
684 618
684 787
684 596
684 464
684 317
684 305
684 192
684 682
684 491
684 538
684 310
684 557
684 601
684 617
684 363
684 27
684 145
684 54
684 485
684 463
684 213
684 467
684 165
684 489
684 825
684 776
684 150
684 43
684 967
684 920
684 745
684 386
684 321
684 258
684 573
684 361
684 340
684 226
684 968
684 279
684 612
684 242
684 652
684 155
684 291
684 74
684 214
684 443
684 715
684 751
684 168
684 521
684 945
684 735
684 117
684 642
684 672
684 756
684 170
684 195
684 881
684 634
684 939
684 647
684 273
684 667
684 906
684 991
684 152
684 436
684 37
684 831
684 548
684 437
684 893
684 465
684 515
684 930
684 676
684 661
684 910
684 397
684 898
684 813
684 604
684 925
684 541
684 918
684 619
684 107
684 83
684 600
684 665
684 645
684 126
684 501
684 46
684 449
684 708
684 581
684 990
684 159
684 786
684 78
684 994
684 140
684 810
684 480
684 44
684 141
684 20
684 275
684 286
684 469
684 164
684 797
684 181
684 834
684 832
684 864
684 35
684 582
684 611
684 717
684 587
684 649
684 933
684 723
684 139
314 916
381 33
757 640
640 846
640 255
947 935
947 526
947 7
935 720
935 922
935 969
935 232
935 304
935 997
922 370
969 7
7 204
7 811
304 746
304 973
973 658
973 871
973 780
658 558
658 36
997 590
526 151
526 16
526 202
151 698
151 671
151 894
151 56
151 177
151 259
894 787
894 482
56 113
113 674
674 281
674 817
177 868
177 179
868 416
868 598
416 51
416 412
416 571
51 499
51 26
51 951
499 731
26 982
982 716
982 900
900 205
205 390
205 594
390 316
594 66
951 447
179 94
179 290
179 451
768 858
429 752
621 617
874 636
874 252
874 70
874 703
874 519
874 979
252 632
252 615
252 905
252 592
615 706
615 567
706 937
706 261
937 327
261 359
70 635
519 977
519 668
979 11
11 315
315 308
308 207
207 707
707 136
707 411
707 976
707 500
136 216
411 245
245 956
245 169
245 166
976 238
976 539
976 690
539 312
312 577
62 300
62 404
404 837
354 351
354 766
354 310
351 52
353 694
440 182
461 796
796 474
474 321
188 60
372 506
506 36
36 759
759 795
414 311
311 14
311 903
523 887
887 691
691 34
34 681
681 946
67 544
135 269
433 325
325 123
325 157
325 785
325 268
123 323
123 686
323 338
157 487
157 468
487 230
487 827
230 430
230 84
84 733
827 184
184 866
468 555
555 771
555 350
555 892
771 221
221 470
221 58
221 687
221 528
221 134
470 595
470 392
470 164
58 783
783 669
528 760
528 46
760 262
760 990
262 791
350 702
350 319
350 431
702 421
702 736
702 908
702 267
319 950
319 988
950 263
950 253
950 875
263 641
253 218
218 237
218 666
218 725
666 1000
666 651
1000 505
1000 407
505 206
651 209
651 855
209 90
725 143
725 410
725 835
410 718
835 805
835 543
835 707
805 171
543 395
988 266
988 859
266 752
859 788
788 516
788 904
516 578
516 99
99 584
99 568
584 276
904 369
904 648
904 865
648 337
337 560
337 352
352 455
892 476
785 442
442 247
442 1000
442 197
268 358
268 889
358 439
358 738
116 589
116 963
116 507
963 335
963 131
335 114
114 739
114 899
114 597
597 781
507 180
180 195
72 747
747 324
324 231
654 301
654 4
301 58
240 770
497 457
856 400
856 969
856 782
400 288
288 452
288 862
862 91
862 547
862 156
91 334
91 978
91 481
91 895
91 614
334 829
334 18
334 777
334 572
18 422
422 734
422 503
503 118
118 566
481 199
481 216
481 727
895 434
434 367
434 133
367 297
614 16
16 277
277 49
277 59
49 888
49 29
547 104
547 345
547 830
345 80
208 556
208 257
556 689
556 13
13 511
13 405
13 61
511 158
511 610
158 753
158 137
137 983
137 696
983 563
983 865
563 660
563 742
660 816
660 577
660 744
816 646
816 574
816 285
646 790
646 217
790 624
217 721
217 138
744 73
744 742
865 839
61 368
368 356
368 471
257 148
148 792
357 854
357 493
357 127
854 877
493 330
493 399
493 638
127 550
127 17
127 278
127 809
550 716
550 12
550 102
17 477
278 173
278 709
278 187
278 822
278 97
278 26
173 999
173 197
999 348
709 445
709 376
709 860
709 222
376 482
376 121
482 185
482 375
185 546
185 75
75 370
860 120
120 770
770 512
222 458
458 5
458 388
5 761
618 890
618 295
890 607
607 897
607 629
897 368
897 424
295 987
987 643
987 315
596 921
596 849
921 897
849 377
849 670
849 29
377 565
464 414
317 620
317 959
305 965
491 48
48 525
48 953
953 886
953 194
953 795
795 765
765 884
884 583
884 559
884 828
583 989
583 847
583 767
583 864
583 910
847 580
559 186
559 616
186 750
538 398
538 562
398 456
456 498
456 985
456 424
310 820
310 210
310 576
820 200
820 45
820 100
820 927
200 964
964 63
63 513
100 365
100 76
365 93
76 227
76 338
227 971
227 848
227 181
971 373
373 907
907 889
907 323
889 667
557 998
557 529
529 806
529 549
549 115
115 800
115 354
601 47
601 828
47 863
47 204
47 799
863 451
451 86
86 551
204 168
799 496
496 146
146 838
838 450
450 3
450 81
81 649
27 542
542 882
882 518
882 246
518 347
145 229
145 782
782 374
782 170
54 298
485 633
485 774
485 772
774 613
463 544
213 473
213 125
213 519
473 918
467 105
105 361
489 808
489 763
489 688
489 248
763 540
763 196
763 680
763 82
763 215
540 77
540 110
196 292
196 839
292 413
292 122
839 741
741 955
955 512
512 500
512 22
512 931
500 280
500 754
500 833
500 85
500 202
500 66
280 364
833 394
394 378
394 322
378 241
241 819
322 972
322 95
322 788
680 403
215 509
688 508
688 675
675 189
675 258
189 111
111 841
841 250
248 984
825 613
825 162
613 459
776 284
776 415
284 949
949 172
949 2
172 435
415 219
219 913
913 564
913 225
913 879
913 828
564 88
564 954
564 558
88 293
293 779
779 396
779 867
779 24
779 701
779 126
867 968
24 379
24 294
379 561
561 775
561 349
954 692
225 409
43 527
745 962
745 344
745 711
962 606
962 161
606 1
606 755
606 328
161 441
344 484
344 697
697 490
490 6
711 203
386 192
361 406
361 992
361 850
361 272
361 780
406 630
406 627
406 476
630 743
630 246
743 923
743 174
923 722
722 424
722 366
476 794
850 685
850 57
685 678
685 857
857 402
272 945
226 307
307 129
155 514
214 343
443 876
751 945
945 426
735 602
642 533
642 730
642 383
533 50
730 10
10 425
425 840
840 996
383 626
383 510
383 374
626 220
220 423
220 64
423 132
423 455
132 719
132 728
132 134
719 748
510 958
958 28
958 317
672 260
672 814
672 684
756 144
170 454
454 254
881 699
699 771
634 142
142 552
142 824
824 842
842 329
842 128
842 320
329 603
603 966
966 995
320 944
320 659
320 817
817 569
647 875
647 466
875 762
875 432
875 938
875 705
875 844
875 222
875 922
875 294
762 371
371 679
679 914
679 522
679 418
914 30
30 176
522 393
522 974
522 664
522 784
522 102
522 761
974 683
974 446
974 940
683 332
332 243
332 449
784 608
608 870
608 206
206 343
343 769
102 109
418 341
418 336
418 98
418 318
341 276
276 673
336 628
628 333
628 793
628 362
793 811
705 637
705 364
364 130
364 233
130 916
844 801
844 498
498 69
498 103
498 527
498 977
103 738
466 878
878 915
915 438
915 431
438 389
438 87
438 19
389 869
869 732
869 853
869 880
869 852
852 845
852 990
845 821
19 285
19 727
19 303
19 154
19 161
727 932
932 789
789 617
303 655
154 891
273 807
807 201
201 586
667 494
494 696
494 153
494 25
696 686
686 843
843 251
843 92
251 934
251 641
251 230
934 32
32 605
32 773
32 909
605 985
605 695
605 625
985 282
695 826
625 382
625 599
382 980
773 616
773 624
624 434
92 535
92 362
25 851
25 380
851 749
851 138
749 803
803 231
380 71
71 713
991 89
991 289
991 811
37 431
437 395
930 244
930 234
244 575
575 265
575 453
575 936
575 194
265 391
676 35
661 531
531 239
910 960
960 537
604 802
604 669
604 42
802 163
42 235
235 570
235 296
570 479
570 362
479 639
479 838
296 307
541 301
619 650
600 8
8 101
8 108
8 804
101 896
108 671
804 212
804 68
804 622
804 798
804 818
212 147
147 236
68 922
622 940
818 40
818 355
40 912
912 460
460 417
460 419
460 387
417 710
710 957
957 520
957 712
957 812
712 428
712 488
488 617
812 359
419 164
645 302
645 90
302 682
501 55
501 926
501 191
926 740
46 861
46 631
46 15
46 376
861 25
449 12
449 478
449 326
449 391
478 475
478 462
475 79
79 863
462 228
228 591
591 986
708 726
708 593
726 122
159 830
159 784
994 609
994 65
609 384
384 690
690 39
690 931
690 299
299 524
524 558
65 947
140 495
495 724
141 372
275 579
275 704
275 677
677 902
902 808
469 198
198 408
198 772
198 483
772 427
772 274
772 532
772 809
427 657
274 282
274 901
274 885
282 401
901 934
885 975
809 211
809 588
809 714
588 309
588 593
309 342
342 106
342 775
593 112
593 737
737 706
714 778
778 122
483 306
306 911
306 729
729 346
729 663
729 924
729 486
797 554
797 175
554 536
536 238
175 478
181 656
181 728
656 167
656 836
167 653
653 815
836 981
836 178
178 283
178 53
53 961
728 431
728 545
545 849
834 270
834 183
834 623
864 585
864 313
864 693
864 21
864 256
313 872
693 385
385 638
256 919
256 987
919 442
35 96
35 873
35 679
96 31
96 38
96 119
96 952
96 315
31 917
917 393
917 729
119 448
119 553
553 970
873 928
928 362
362 360
362 249
611 160
611 327
611 700
160 190
160 764
764 929
764 823
764 216
823 942
823 530
942 287
530 444
444 709
327 662
700 534
700 408
700 559
717 504
587 943
943 896
649 41
933 287
287 644
723 758
723 23
723 517
758 149
139 721
721 610
